
  header: 
    seq: 47
    stamp: 
      secs: 1691131843
      nsecs: 762873650
    frame_id: "camera_depth_optical_frame"
  height: 480
  width: 848
  distortion_model: "plumb_bob"
  D: [0.0, 0.0, 0.0, 0.0, 0.0]
  K: [428.3329162597656, 0.0, 436.1007080078125, 0.0, 428.3329162597656, 241.8651123046875, 0.0, 0.0, 1.0]
  R: [1.0, 0.0, 0.0, 0.0, 1.0, 0.0, 0.0, 0.0, 1.0]
  P: [428.3329162597656, 0.0, 436.1007080078125, 0.0, 0.0, 428.3329162597656, 241.8651123046875, 0.0, 0.0, 0.0, 1.0, 0.0]
  binning_x: 0
  binning_y: 0
  roi: 
    x_offset: 0
    y_offset: 0
    height: 0
    width: 0
    do_rectify: False
